002905-Tx:01 01 01 01 90 48 
002906-Rx:01 02 00 00 00 08 79 CC 
002907-Tx:01 02 01 00 A1 88 
002908-Rx:01 01 00 00 00 02 BD CB 
002909-Tx:01 01 01 01 90 48 
002910-Rx:01 02 00 00 00 08 79 CC 
002911-Tx:01 02 01 00 A1 88 
002912-Rx:01 01 00 00 00 02 BD CB 
002913-Tx:01 01 01 01 90 48 
002914-Rx:01 02 00 00 00 08 79 CC 
002915-Tx:01 02 01 80 A0 28 
002916-Rx:01 01 00 00 00 02 BD CB 
002917-Tx:01 01 01 01 90 48 
002918-Rx:01 02 00 00 00 08 79 CC 
002919-Tx:01 02 01 00 A1 88 
002920-Rx:01 01 00 00 00 02 BD CB 
002921-Tx:01 01 01 01 90 48 
002922-Rx:01 02 00 00 00 08 79 CC 
002923-Tx:01 02 01 00 A1 88 
002924-Rx:01 01 00 00 00 02 BD CB 
002925-Tx:01 01 01 01 90 48 
002926-Rx:01 02 00 00 00 08 79 CC 
002927-Tx:01 02 01 80 A0 28 
002928-Rx:01 01 00 00 00 02 BD CB 
002929-Tx:01 01 01 01 90 48 
002930-Rx:01 02 00 00 00 08 79 CC 
002931-Tx:01 02 01 80 A0 28 
002932-Rx:01 01 00 00 00 02 BD CB 
002933-Tx:01 01 01 01 90 48 
002934-Rx:01 02 00 00 00 08 79 CC 
002935-Tx:01 02 01 80 A0 28 
002936-Rx:01 01 00 00 00 02 BD CB 
002937-Tx:01 01 01 01 90 48 
002938-Rx:01 02 00 00 00 08 79 CC 
002939-Tx:01 02 01 00 A1 88 
002940-Rx:01 01 00 00 00 02 BD CB 
002941-Tx:01 01 01 01 90 48 
002942-Rx:01 02 00 00 00 08 79 CC 
002943-Tx:01 02 01 00 A1 88 
002944-Rx:01 01 00 00 00 02 BD CB 
002945-Tx:01 01 01 01 90 48 
002946-Rx:01 02 00 00 00 08 79 CC 
002947-Tx:01 02 01 80 A0 28 
002948-Rx:01 01 00 00 00 02 BD CB 
002949-Tx:01 01 01 01 90 48 
002950-Rx:01 02 00 00 00 08 79 CC 
002951-Tx:01 02 01 80 A0 28 
002952-Rx:01 01 00 00 00 02 BD CB 
002953-Tx:01 01 01 01 90 48 
002954-Rx:01 02 00 00 00 08 79 CC 
002955-Tx:01 02 01 80 A0 28 
002956-Rx:01 01 00 00 00 02 BD CB 
002957-Tx:01 01 01 01 90 48 
002958-Rx:01 02 00 00 00 08 79 CC 
002959-Tx:01 02 01 00 A1 88 
002960-Rx:01 01 00 00 00 02 BD CB 
002961-Tx:01 01 01 01 90 48 
002962-Rx:01 02 00 00 00 08 79 CC 
002963-Tx:01 02 01 00 A1 88 
002964-Rx:01 01 00 00 00 02 BD CB 
002965-Tx:01 01 01 01 90 48 
002966-Rx:01 02 00 00 00 08 79 CC 
002967-Tx:01 02 01 80 A0 28 
002968-Rx:01 01 00 00 00 02 BD CB 
002969-Tx:01 01 01 01 90 48 
002970-Rx:01 02 00 00 00 08 79 CC 
002971-Tx:01 02 01 80 A0 28 
002972-Rx:01 01 00 00 00 02 BD CB 
002973-Tx:01 01 01 01 90 48 
002974-Rx:01 02 00 00 00 08 79 CC 
002975-Tx:01 02 01 80 A0 28 
002976-Rx:01 01 00 00 00 02 BD CB 
002977-Tx:01 01 01 01 90 48 
002978-Rx:01 02 00 00 00 08 79 CC 
002979-Tx:01 02 01 00 A1 88 
002980-Rx:01 01 00 00 00 02 BD CB 
002981-Tx:01 01 01 01 90 48 
002982-Rx:01 02 00 00 00 08 79 CC 
002983-Tx:01 02 01 00 A1 88 
002984-Rx:01 01 00 00 00 02 BD CB 
002985-Tx:01 01 01 01 90 48 
002986-Rx:01 02 00 00 00 08 79 CC 
002987-Tx:01 02 01 80 A0 28 
002988-Rx:01 01 00 00 00 02 BD CB 
002989-Tx:01 01 01 01 90 48 
002990-Rx:01 02 00 00 00 08 79 CC 
002991-Tx:01 02 01 80 A0 28 
002992-Rx:01 01 00 00 00 02 BD CB 
002993-Tx:01 01 01 01 90 48 
002994-Rx:01 02 00 00 00 08 79 CC 
002995-Tx:01 02 01 80 A0 28 
002996-Rx:01 01 00 00 00 02 BD CB 
002997-Tx:01 01 01 01 90 48 
002998-Rx:01 02 00 00 00 08 79 CC 
002999-Tx:01 02 01 00 A1 88 
003000-Rx:01 01 00 00 00 02 BD CB 
003001-Tx:01 01 01 01 90 48 
003002-Rx:01 02 00 00 00 08 79 CC 
003003-Tx:01 02 01 00 A1 88 
003004-Rx:01 01 00 00 00 02 BD CB 
003005-Tx:01 01 01 01 90 48 
